60 90 {"left":0.618285,"right":0.192164,"lift":0.357265,"t":324622}
40 80 {"left":0.545176,"right":0.162065,"lift":0.357216,"t":386422}
20 90 {"left":0.490636,"right":0.074242,"lift":0.357227,"t":471849}
30 100 {"left":0.532677,"right":0.070789,"lift":0.357251,"t":518298}
70 100 {"left":0.653506,"right":0.170992,"lift":0.357252,"t":606863}
50 80 {"left":0.582077,"right":0.193898,"lift":0.357220,"t":715147}
80 100 {"left":0.685275,"right":0.181731,"lift":0.357232,"t":782570}
70 80 {"left":0.650554,"right":0.250124,"lift":0.357215,"t":860910}
60 110 {"left":0.635523,"right":0.103211,"lift":0.357275,"t":915663}
20 110 {"left":0.533102,"right":0.002244,"lift":0.357302,"t":980239}


0.618285, 0.192164, 60, 90
0.545176, 0.162065, 40, 80
0.490636, 0.074242, 20, 90
0.532677, 0.070789, 30, 100
0.653506, 0.170992, 70, 100
0.582077, 0.193898, 50, 80
0.685275, 0.181731, 80, 100
0.650554, 0.250124, 70, 80
0.635523, 0.103211, 60, 110
0.533102, 0.002244, 20, 110


0.618285,0.192164,2.0454798959717033,0.48019848047689356,60.0,90.0
0.545176,0.162065,2.296122642612522,0.6103985090009164,40.0,80.0
0.490636,0.074242,2.579268806610414,1.0582197800982835,20.0,90.0
0.532677,0.070789,2.4093680972398475,1.0274180835919953,30.0,100.0
0.653506,0.170992,1.9183787754196733,0.5574424603854268,70.0,100.0
0.582077,0.193898,2.151099396369019,0.4531161157609204,50.0,80.0
0.685275,0.181731,1.795327038383244,0.4861845051482322,80.0,100.0
0.650554,0.250124,1.8942619623916783,0.19689443831425518,70.0,80.0
0.635523,0.103211,2.0047351115114713,0.832994957236855,60.0,110.0
0.533102,0.002244,2.4519059510764523,1.3386365957026711,20.0,110.0


restrictions:

20..70,
80..110

calibration point 50 90


restricted area, angles

2.0864613672343926 0.30114621330219205
2.118090340755587 0.36267546119624106
2.1418708221447997 0.42312236646954976
2.158682810595942 0.4830432886604606
2.1692434374272187 0.5429462263396322
2.1741195229007624 0.6033253216956037
2.17373699246532 0.6646942026590449
2.1683846069622876 0.7276241709879503
2.158208821146177 0.7927954878762288
2.143194395925363 0.8610762002243214
2.1231198524984896 0.9336584225180132
2.0879389279886973 0.9015729016747679
2.0524714078243274 0.8710855892008881
2.0167179714505643 0.8422383847013032
1.9806679077330818 0.8150772561738705
1.9442984237508223 0.7896517402527039
1.9075737324789321 0.7660147190416311
1.8704437989467897 0.7442224957516524
1.8328425774914492 0.7243352060734303
1.7946855007262048 0.7064176207779087
1.755865865957089 0.6905404208733954
1.7763041363372956 0.6058505034596141
1.7903887996837653 0.5253458506219629
1.7989595633352375 0.4475536596542276
1.8024993565769403 0.3714006190341414
1.8012790364547084 0.2960341401584062
1.7954342751570487 0.2207228189042419
1.785011568406683 0.14479392308870337
1.7699996786695233 0.0675888690614092
1.7503548929453978 0.01157310922685995
1.7260252839535 0.09342895843533257
1.7574393570857292 0.06693388330046163
1.7893974158295642 0.03737525523828454
1.8220768867495933 0.004766976421286234
1.8556638928798557 0.030847313567434666
1.8903491775465282 0.06939177607524892
1.9263225858125939 0.11075721884461362
1.9637662916077958 0.1548014907396688
2.0028471011825886 0.20135155121072534
2.0437082748113307 0.25020719027179467





